000 1) 1001100000, 10 0000 1011. 0010100ιο 000

0001110000011010 concionantibus.
Vol. VII. 011. 1551. 0. 745.-

(101111101010, 61111000, syndico 110110 Saxum, 10110
utriusque 11001001, 001011. 25 1111001499. 10 oppido

1000000100 1111010000.

1701. 1. 001522. 0. 568. -- An. 1527. p. 881.
1701011. 011. 1530. 0. 69. 450.
101. 11. 001541. 0. 114. 652.

101. 1. 00. 1544. p. 358. 530. - Αο. 1545.

ροωο

ΜηηΜψΜΜ-Μψι

0. 436. 459.
17011711. 00. 1548. 0. 69. 90. 159.
1701. 1111. 00. 1555. 0. 472.

(10111110, Mutina, Pastori et 50001101. 110οηον100001

mortuo 17. 11011. 1549.
101. ll. 00. 1539. 0. 24.

Gothano 80001111.
ω1ωο000

0100100000.
1701. IX. 00. 1560. p. 1038.

(11008010, 11001011, 100101161000001, 01 inde 0100000

(1011101100, 11100101110011000, 11110 1101100110110111
· primogenito, 001000. 1532.

1701. lx. 001558. 0. 480.
1701. X. p. 12.

(1011101010, 111001011100110100000001.

1011111. 00. 1552. 0. 957. 1021. 1064. 1084.
10921119. 1121. 11711174. 1175.
101. 17111. 00. 1553. 0. 6.

1100110110, Philippo, 1011000000110.

000100001

(11101010, Rpgi 5000100.

mummmw
Vol. 111. 00. 1539. 0. 705.
1701. 117. 00. 1541. 0. 566.
1701. 11. 00. 1546. 0. 142.
1701. vul. 011. 1551. 0. 723.

11000, (3111101001. 1701. 111. 00. 1538. 0. 483. [Com.

100010πο100 10 Epist. Bugenhagii (00011 80101001.
1701. 1. 0. 59), M. Matthias Ηο0110, Dauus 0100000100-

100, qui 1110 tempore (00. 1545.) 10 Academi· Witeb,
studiorum 00000 versabantur]

Hadriano, 100010111010000.

Vol. 1. 00. 1522. 0. 585.

15411110060001, 100110011100100 d. 29. Sept. 1591, ab Ham, Bernhardo' Canceppflppo Awhpephcopp ρο,

0010 011. 1504.
101. 171. 00. 1547. 0. 629.
101. 111. 00. 1552. 0. 822.

’1110010100 (etlam 0001100110, ammaum), 11100100,

100100010.

1701. 111. 001539. 0. 606. ¹

Hagero, 1101111000.

1701. VIII. 011. 1554. 0. 235.

10100010, Caroli V. Ι1010000101ἰο 1011110110 01 legato. nain, senatui huiusoppffli,

. 1701. 111. 00. 1540. 0. 1242.
101. IV. 00. 1541. 0. 71.

1111011000οἱ Senatui.
Vol. V. 00. 1545. 0. 769.

Vol. VIII. 011. 1555. 0. 635.

Ηο10001 (800011.) Senatui.

Vol. V. 001543. 0. 268.
1011111. 00. 1554. 0. 341.

· (1110000, 8110001, 0010 ⁰11· 1493. 10110000 10 suevia, 11011000 (germ. Fischer), Simoni, Matavo, 011010 5010-

. condiscipulo 110100110010, 00. 1523. 1101000011 graecae
, liuguae 10 Αο011.Ηο1110110010., 00. 1529. Βο0110010 vo-
0010, 0011000. 1534. 00 0001011110101110010 0018010-
10100111001001010 1101100100011010. Post biennium 10-
000000 1100110010 00010 expuo-s 001 00. 1541.

vol. 1. 00. 1528. 0. 645.

rames appellato 0 0010100010 (Ηο01110011) (vid. 101.
VIII. p. 753.)‚' Pastori 10 oppido Βο10011006001100.
01111000011010010001001. 111 1100010 0000100οο 000-

iectus 010. 1554., denique 1111010000 exul 10011 11110101-
gam 00. 1556.
Vol. VIII. 00. 1554. 0. 231.

Vol. 11. 011. 1531. p. 530. - An. 1535. p. 848. 11001110100001 Senatui·

1100011010, comiti Schwarzburgensi.
Vol. V. 00. 1544. 0. 520.
101. IX. 00. 1560. 0. 1070.
(1011101010, 1100110110001101.
1701. 111. 0111539. 0. 632. - 140. 1540. 0. 950.
1701. 1. 011. 1543. 0. 145.

[1011101010 , 1100101010οή0εο0.
Vol. 111. 011. 1540. 0. 1028.

101. Vl. 00. 1547. 0. 699.
1701. 1711. 00. 1550. p. 666.
101. VIII. 00. 1556. 0. 767.

110010100001100110011101. .

10111. 00. 1547. 0. 726.
Vol. Vll. 00. 1549. 0. 805.

110000110100001 Senatui.

101. 1. 011. 1543. 0.17.

 

