ιιι 0000000001. ιι sctum 1110 PAsslM 00000000 ιιι

000101, vitus, Winshemlus, ontio ln 100000 11010000.
00111. 0. 187.
00011000, 10.
001. 10. 00. 1542. 0. 785.
0000οι000, Vino. ·
Vol. ll. 00. 1530. 0. 332.
Ordines 0110000000 10 convent. ,
001. 0111. 00. 1548. p. 05. 178. 204. 205. 270.
272. 270. 277. 280. 282. 285.
00101001· , Andreas. '
001. Π. 001530. 0.103. 187.
001. 111. 00. 1537. p. 207. - Αι. 1530. 0. 801.
001.10. 001541. 010. 140.
001. 01. 00. 1540. 0. 230.
001011. 00. 1548. 0. 47.
0110, Antonius.
Vol. VIII. 00. 1555. 0. 400.

0001010οι00 Theologl.
Vol. 1. 00. 1521. 0. 300.

Pauca, 000.
ιιι vn. ...1500. p. 030. ιιι.

00. ιιι. .n.1⁵57.p.75.2⁵o. 000003.ιο0 ιιι.
-ΜΜΨΜΜΜ

00001. 001111. 00. 1500. 01103.

0005, 101100.
001. 10. 00. 1541. 0. 400.
001. 011. 00. 1548. 0. 148. Ι

Philippus, 1000001100100.
001. 11. ιιι. 1530. 0. 00. 323. 325.
001. 111. 001537. p· 300. ·- An. 1530. 0. 851.
801- An. 1540. 01005. 1022.
001. 10. 00. 1542. 0. 802.
001. 0. 001544. 0. 501. - An. 1545. 0. 072.
731.
0001001000. 0. 404.
001. IX· 00. 1558. 0. 541. 752. -· 00. 1550.
0111100110, Dux 1000000100. ’
001111. 00. 1558. 0. 522.

11000, 10., 101000οι 1100010100.
001111. 0001558. 0. 078.

10110000, 00000...

001. 1. 00. 1518. 0. 23..
Pinarius, 10000. ·

001. 10. 00. 1541. 0140.
Plutona, Potr-

001. 11. 00. 1535. 0. 001.
Pantanus, vll. Mel.

Praesides colloquii 1000001.
001. 111. 001540. 0. 11701210. 1251.
001. 10. 00. 1541. 0. 5. 10. 70.
protestantes ordines et 1ιίοι1000. ’
001. 11. 0015300130. 183.- An. 1531. 0. 472.
An. 1535. 0. 101810221032. ’
001. ΠΙ. 00. 1537. 0. 301. 331. - 0001540.
0. 080. 1178. 1181. 1202. 12201230. 1254.
12501250.
001. 10. 001541. 0. 7. 17. 150.102.·181. 325.
400. 470. 510. 520. 580. 010. 021. 031.
001. 0. 00. 1545. 0. 048.

0000001100, 1001.

001. 0111. 00. 1554. 0. 352. 358.
11000000, 11001.

001. 10. 00. 1544. 0. 552.
110110οο000ιί0 liber.

Vol. 10. 00.,1541. 0. 100.

Ratzenberger, 10 Suppl. 00 00. 1530. 00110. 01037.
1100001101, Hieron.

vol. vul. 0. 000. p. ⁹37.
Regius, Urbul.

001. ll. 00. 1530. 0. 58.
lleibiscl, 10000.

001. 10. 00. 1541. 0. 204. 333.
1101110001ιί0, 10.

001. 01. 00. 1540. 0. 201.
ncillam, Erasmus.

Vol. 0. 00. 1544. 0. 540.
1100010110, Io. · .

001. 1. 001518. 0. 27. 32. 34.
01000000...

001. 1. 001520. 0. 212. , .
1100011100,1..1’. ,

001. 11. 00. 1530. 0. 220. 243.

80001100ιὶ0 Senatus.

Vol. 01. 00. 1540. 0. 77.
Sabinus, Georg·

Vol. Π. 00. 1533. p. 042.

001. 0111. 001554. 0. 320. - 00. 1555. 0. 530.
Sadalam, 100.. ondin-lin. ,

001. 111. 00. 1537. 0. 370. - 10. 1540. 01101.
Suectius, Erum.

Vol. lx. 00. 1557. 0. 401.

saxonici 1000...
vaux, ...001. ...00.00.

’ styla, Geryon.

00111. uffo· 0. 205.

 

