269 'scmPTA ADNITAM ΕΤ OBITUM MELANTH. 270

111111, 111111111111111111111111111111111111 11111ῦ11111111τ. 311 11111111, 1111111111111111
111 1111111, 11111111 1111111 1111111111 11111 111111, 11111111111111111, 1111 111118111111111 1111111
1111111111111111111111111111111, 111 1111111111 111 1111 111111 &troffo 111111 11111111. 111111 1111 11111
11111111 111-1111111111 1111111111 1111 11111 111111 1111 111111 1111111111111111111111, 111 111 11111
1111111111 11111, 1111 11 1111 111 1111111111 111 11111 1111111111 111 111 1111111111111111 111111 1111111111
111111111111111,1111111τ 1111111 1111111111111- 11111111111111 1191111111 11111 11111 1111111111 blei:
lis, 111 1111 1111111, 111111 ττι 1111111111, 111 111, 11111111(1111111111111111111,1111111111111
0111111111 111111, 11 et 1111 111111, 11111 1111 1111111, 111 1111111111, 1111111111111131111111,
11111111τ, 111 111 1111111 Lectionibus um 111 1111 1111111 ς111111111111111111111111111) 11 1111111111
11111111 1111111 1111111 11111 11 1111111. &o 11111111 11111111, 111 11111 111 11111111, 11 11111 &ttafe
111) 1111113111 111 1111111 111111, 1111111111111 1111111111. 1111111ωὰ1111(1111111111111111, 111
1111111111 11111111 11 1111111 111111 1111111111 111, mit 111 1911111 111111, 1111111 1111111 3111 111111
1111111111 111 mnan, 11 1111111111 1111111111) 1111111111111111111111111111111111.

11111111 111111111111111111 1111 1111111111 111111 111111111111111111 1111111111111111111 111111
1111111 111111 111111 111. 1111111111111111111111, 1111111111, 1111111111, 11111111111111111111, 1111
111 111111 6111111111Θ1111 111111, 1111 1111 au 11 11111111 111111 11111 1111111111 11111111 111 met·
11111111 1111“), 11 11111 1111111111111111 1111111 11111 11111111 11 11111, 111 111 11111111), 1111 11111
11111111111111111311111111111111111, 11 1111111 111 811111 111111111111 111 11111111 11111111 111, 111
11111 11111111. (11111111 1111 1111111111 1111111111, 1111111 1111 1111111111, 111 1111111111 11111111 11111.
111 11111111 111 11111111 111111, 1116111111 1111111111, 1111 1111111111 11 11111 1111111111 11111, 1111 11 111
11 111111111111111111, 111111 111111 111111 111, 11. Aprilis 111 1111111τὸ ττι 1111111, 111 &brist
111111 1111111111 111111 1111 11111111, 111811111αεὶ 111111111111111111111, 1111111 111 131111111111111·
111111111111111111111111111111111. 11111 111111 111 1111111111, 11111111 1111111111 11111 Θ111111 1111111 11,
111111111111111111111,11111111111111111111, 111111111111111111111. 1111111111111111 ,
111 11 1111 Dtt, 111111 111111 111 11111111 11111 1111, 1111111 111Θ1111111111 111, 1111111 111111
111 11111, 11111111 11111, 111 111111 111111, 1111 11111111, 111111111111111111111 11111111111111111111.
11149 31111111111111111111. 11111 1111 1111111 1111111) 1111 1111 1111111111, 11111111, 1111 11111111
111 51. 11111111 Esaiae, 1111111111 111111 locum 111111111111111111 11111111111111111111111 11111
11111111111111111, 1111 11111111 1111111111, 1αι 1111111111 1111111 111 1111111 1111 111111 spata
111 111 111111111111 11111 111 11111111111111 31111 111111, mit 1111111111 111 1111111111 1111111.
1111111 11111111 11 11111111 geben 111, 1111111111 11111 11111111 111 11111 1111 11 1111111 ia 111 1111111111,
111 111111 11111, 111111111111111111111111111 111 111 11111111, 11111111111111111111111111111
11111111111111111 1111. 1111 1111 111111111111 11111, 1111111 1111111, 111 1111111111ῦ1111111111
Lectio 11111111, 111111111511111111111111111 1 111. 1111111111111111111111111111111,11111
1111, 11111111111111111111111111. 111 111111111111111, 1111 1τ 111 1111 1111111 1111

111111 11111111 11111 1111111111, 111 18111111 111111111111.

mg 1111111111, 1111111 1111 1111111111 11111 11111111 31111111 111 111 11111 111111, 111
61111 1111111111 1111111) 111111θ1111111111111ι 1111111111 11111111111111, 11111 11111, 1111111111
1111111111. 1111111111111111111111111111111111 1111111111111111111111, 11111111111111111111111
&ut 11111111 111111 11111111 111111111111111111 111111 111111 111 1111 1111111 111, 111111111111Ε111
1111111, 111111 1111 111111111 1111111 111111 111111, 111 111111, 11111 1111111111, 1111111111111111111
111 111 1111111111 1111111 111111111111111111, 11111 11 151111, 111 11111 11 11, 111 11111 11111 111111,
111 11111 11111111111111111, 1111 1111111111111111 111111 11111 11111111. 1111 11111111 1111111111
8111111111111111, 11111111611111111111Θ1111 111111, 11111 11 1111 111 111 11111111 111111 11111111
11111111 1111 1111111, 111111111111111111111111 111 1111 11 111 111111. 1111111111 1111111 1111
1111111. oa 1111111111 1111 1111111111111111 3111111111111111111,111111111111111111,
1111111111, 11111111 111111111111111111111111 1111111111111111111111111. 111 11111 1111111111

11111111 611111, 1111 1111111111 11111111 11111111 111 111 111 1111111111 111, 111111111111811111111111111
............ 111. 11111111111111111,11111111111111181111,

111111. τι ummo 1111. ¹ 1111 11 1111 111 11111111 11111111111111111111,

 

